0	(224,740)*	0(522,167)	0(522,167)
1	(96,164)	1(96,164)	1(96,164)
2	(126,740)	2(126,740)*	2(350,167)
3	(151,167)	3(151,167)	3(151,167)
4	(418,739)	4(418,739)	4(418,739)
5	(350,167)	5(350,167)	*5(126,740)
6	(357,739)	6(357,739)	6(357,739)
7	(522,167)	*7(224,740)	7(224,740)
8	(116,739)	8(116,739)	8(116,739)
9	(252,168)	9(252,168)	9(252,168)
10	(303,738)	10(303,738)	10(303,738)
11	(386,168)	11(386,168)	11(386,168)
12	(234,738)	12(234,738)	12(234,738)
13	(553,168)	13(553,168)	13(553,168)
14	(166,738)	14(166,738)	14(166,738)
15	(590,168)	15(590,168)	15(590,168)
16	(137,738)	16(137,738)	16(137,738)
17	(640,168)	17(640,168)	17(640,168)
18	(120,738)	18(120,738)	18(120,738)
19	(331,170)	19(331,170)	19(331,170)
